# Sum of the histos in the two files: 
# ausgabe
# ausgabe
0.0 50004952.0 100009904.0 263500 513.322753589
100009904.0 150014856.0 200019808.0 152712 390.783976836
200019808.0 250024752.0 300029696.0 140670 375.059336236
300029696.0 350034656.0 400039616.0 270954 520.53241433
400039616.0 450044560.0 500049504.0 72150 268.607238756
500049504.0 550054448.0 600059392.0 263584 513.404777975
600059392.0 650064352.0 700069312.0 152580 390.614271209
700069312.0 750074272.0 800079232.0 140286 374.547390927
800079232.0 850084160.0 900089088.0 269456 519.09133071
900089088.0 950094048.0 1000099008.0 71730 267.825178656
